ParName	Value	Gradient
log_q	-3.7418	-6.31245e-06
log_popscale	8.50824	-5.63179e-06
log_sel_coff[0]	-3.73659	1.31263e-05
log_sel_coff[1]	-0.948256	-2.82845e-05
log_sel_coff[2]	0.69812	5.76895e-06
log_sel_coff[3]	1.82175	-3.01056e-05
log_sel_coff[4]	1.7103	4.22691e-05
log_sel_coff[5]	0.887519	-9.0867e-06
log_relpop[0]	-0.233386	-3.16629e-06
log_relpop[1]	0.519619	-3.37976e-06
log_relpop[2]	0.338691	-6.75866e-06
log_relpop[3]	-0.484337	-1.19757e-06
log_relpop[4]	-0.49466	-7.82036e-07
log_relpop[5]	-0.166217	6.19146e-07
log_relpop[6]	0.092457	9.87567e-07
log_relpop[7]	0.400532	-1.08218e-07
log_relpop[8]	0.336593	-4.67868e-07
log_relpop[9]	0.349575	6.37301e-07
log_relpop[10]	0.172469	4.47255e-07
log_relpop[11]	-0.466491	2.93243e-07
log_relpop[12]	-0.233519	-6.68007e-08
log_relpop[13]	0.5196	-1.09388e-06
log_relpop[14]	0.338653	7.70423e-07
log_relpop[15]	-0.484355	8.91585e-07
log_relpop[16]	-0.494666	-8.3905e-07
log_relpop[17]	-0.166219	-1.35417e-07
log_relpop[18]	0.0924562	7.02589e-07
log_relpop[19]	0.400531	-5.2789e-07
log_relpop[20]	0.336593	-1.08733e-06
log_relpop[21]	0.349575	1.19902e-08
log_relpop[22]	0.172469	-4.52073e-07
log_relpop[23]	-0.466491	-5.91874e-07
log_relpop[24]	-0.233519	-6.29366e-07
log_relpop[25]	0.5196	-1.24868e-06
log_relpop[26]	0.338653	3.84794e-07
log_relpop[27]	-0.484355	6.93301e-07
log_relpop[28]	-0.494666	4.42326e-07
log_relpop[29]	-0.166219	9.31368e-07
log_relpop[30]	0.0924562	1.01846e-06
log_relpop[31]	0.400531	-2.77592e-07
log_relpop[32]	0.336593	-7.87342e-07
log_relpop[33]	0.349575	5.38724e-07
log_relpop[34]	0.172469	3.3552e-07
log_relpop[35]	-0.466491	8.36825e-08
log_relpop[36]	-0.233519	-2.74181e-07
log_relpop[37]	0.5196	-1.26954e-06
log_relpop[38]	0.338653	2.24077e-07
log_relpop[39]	-0.484355	5.7883e-08
log_relpop[40]	-0.494666	-1.86152e-07
log_relpop[41]	-0.166219	5.9577e-07
log_relpop[42]	0.0924562	9.2469e-07
log_relpop[43]	0.400531	-3.11706e-07
log_relpop[44]	0.336593	-7.91913e-07
log_relpop[45]	0.349575	5.62198e-07
log_relpop[46]	0.172469	3.76726e-07
log_relpop[47]	-0.466491	1.24036e-07
log_relpop[48]	-0.233519	-2.51495e-07
log_relpop[49]	0.5196	-1.26863e-06
log_relpop[50]	0.338653	2.20537e-07
log_relpop[51]	-0.484355	3.24373e-08
log_relpop[52]	-0.494666	-2.30836e-07
log_relpop[53]	-0.166219	5.65349e-07
log_relpop[54]	0.0924562	9.16999e-07
log_relpop[55]	0.400531	-3.15763e-07
log_relpop[56]	0.336593	-7.94057e-07
log_relpop[57]	0.349575	5.60921e-07
log_relpop[58]	0.172469	3.75308e-07
log_relpop[59]	-0.466491	1.23279e-07
log_relpop[60]	-0.233519	-2.51955e-07
log_relpop[61]	0.5196	-1.2687e-06
log_relpop[62]	0.338653	2.20478e-07
log_relpop[63]	-0.484355	3.25e-08
log_relpop[64]	-0.494666	-2.30709e-07
log_relpop[65]	-0.166219	5.65432e-07
log_relpop[66]	0.0924562	9.17021e-07
log_relpop[67]	0.400531	-3.15757e-07
log_relpop[68]	0.336593	-7.94048e-07
log_relpop[69]	0.349575	5.60924e-07
log_relpop[70]	0.172469	3.7531e-07
log_relpop[71]	-0.466491	1.23281e-07
log_relpop[72]	-0.233519	-2.51954e-07
log_relpop[73]	0.5196	-1.26872e-06
log_relpop[74]	0.338653	2.20474e-07
log_relpop[75]	-0.484355	3.24998e-08
log_relpop[76]	-0.494666	-2.30709e-07
log_relpop[77]	-0.166219	5.65431e-07
log_relpop[78]	0.0924562	9.17018e-07
log_relpop[79]	0.400531	-3.15758e-07
log_relpop[80]	0.336593	-7.94051e-07
log_relpop[81]	0.349575	5.60927e-07
log_relpop[82]	0.172469	3.75311e-07
log_relpop[83]	-0.466491	1.2328e-07
log_relpop[84]	-0.233519	-2.51954e-07
log_relpop[85]	0.5196	-1.26869e-06
log_relpop[86]	0.338653	2.20479e-07
log_relpop[87]	-0.484355	3.24996e-08
log_relpop[88]	-0.494666	-2.30709e-07
log_relpop[89]	-0.166219	5.6543e-07
log_relpop[90]	0.0924562	9.17018e-07
log_relpop[91]	0.400531	-3.15756e-07
log_relpop[92]	0.336593	-7.94052e-07
log_relpop[93]	0.349575	5.60929e-07
log_relpop[94]	0.172469	3.75312e-07
log_relpop[95]	-0.466491	1.23281e-07
log_relpop[96]	-0.233519	-2.51954e-07
log_relpop[97]	0.5196	-1.2687e-06
log_relpop[98]	0.338653	2.20474e-07
log_relpop[99]	-0.484355	3.25003e-08
log_relpop[100]	-0.494666	-2.30707e-07
log_relpop[101]	-0.166219	5.65432e-07
log_relpop[102]	0.0924562	9.17017e-07
log_relpop[103]	0.400531	-3.15751e-07
log_relpop[104]	0.336593	-7.94052e-07
log_relpop[105]	0.349575	5.60936e-07
log_relpop[106]	0.172469	3.75312e-07
log_relpop[107]	-0.466491	1.2328e-07
log_relpop[108]	-0.233519	-2.51955e-07
log_relpop[109]	0.5196	-1.2687e-06
log_relpop[110]	0.338653	2.20472e-07
log_relpop[111]	-0.484355	3.25e-08
log_relpop[112]	-0.494666	-2.30708e-07
log_relpop[113]	-0.166219	5.65432e-07
log_relpop[114]	0.0924562	9.17017e-07
log_relpop[115]	0.400531	-3.15758e-07
log_relpop[116]	0.336593	-7.94052e-07
log_relpop[117]	0.349575	5.6093e-07
log_relpop[118]	0.172469	3.75311e-07
log_relpop[119]	-0.466491	1.2328e-07
log_relpop[120]	-0.233519	-2.51956e-07
log_relpop[121]	0.5196	-1.2687e-06
log_relpop[122]	0.338653	2.20473e-07
log_relpop[123]	-0.484355	3.24998e-08
log_relpop[124]	-0.494666	-2.30708e-07
log_relpop[125]	-0.166219	5.65432e-07
log_relpop[126]	0.0924562	9.17017e-07
log_relpop[127]	0.400531	-3.15758e-07
log_relpop[128]	0.336593	-7.94052e-07
log_relpop[129]	0.349575	5.6093e-07
log_relpop[130]	0.172469	3.75311e-07
log_relpop[131]	-0.466491	1.2328e-07
log_relpop[132]	-0.233519	-2.51956e-07
log_relpop[133]	0.5196	-1.2687e-06
log_relpop[134]	0.338653	2.20473e-07
log_relpop[135]	-0.484355	3.24998e-08
log_relpop[136]	-0.494666	-2.30708e-07
log_relpop[137]	-0.166219	5.65432e-07
log_relpop[138]	0.0924562	9.17017e-07
log_relpop[139]	0.400531	-3.15758e-07
log_relpop[140]	0.336593	-7.94052e-07
log_relpop[141]	0.349575	5.6093e-07
log_relpop[142]	0.172469	3.75311e-07
log_relpop[143]	-0.466491	1.2328e-07
log_relpop[144]	-0.233519	-2.51956e-07
log_relpop[145]	0.5196	-1.2687e-06
log_relpop[146]	0.338653	2.20473e-07
log_relpop[147]	-0.484355	3.24998e-08
log_relpop[148]	-0.494666	-2.30708e-07
log_relpop[149]	-0.166219	5.65432e-07
log_relpop[150]	0.0924562	9.17017e-07
log_relpop[151]	0.400531	-3.15758e-07
log_relpop[152]	0.336593	-7.94052e-07
log_relpop[153]	0.349575	5.6093e-07
log_relpop[154]	0.172469	3.75311e-07
log_relpop[155]	-0.466491	1.2328e-07
log_relpop[156]	-0.233519	-2.51956e-07
log_relpop[157]	0.5196	-1.2687e-06
log_relpop[158]	0.338653	2.20473e-07
log_relpop[159]	-0.484355	3.24998e-08
log_relpop[160]	-0.494666	-2.30708e-07
log_relpop[161]	-0.166219	5.65432e-07
log_relpop[162]	0.0924562	9.17017e-07
log_relpop[163]	0.400531	-3.15758e-07
log_relpop[164]	0.336593	-7.94052e-07
log_relpop[165]	0.349575	5.6093e-07
log_relpop[166]	0.172469	3.75311e-07
log_relpop[167]	-0.466491	1.2328e-07
log_relpop[168]	-0.233519	-2.51956e-07
log_relpop[169]	0.5196	-1.2687e-06
log_relpop[170]	0.338653	2.20473e-07
log_relpop[171]	-0.484355	3.24998e-08
log_relpop[172]	-0.494666	-2.30708e-07
log_relpop[173]	-0.166219	5.65432e-07
log_relpop[174]	0.0924562	9.17017e-07
log_relpop[175]	0.400531	-3.15758e-07
log_relpop[176]	0.336593	-7.94052e-07
log_relpop[177]	0.349575	5.6093e-07
log_relpop[178]	0.172469	3.75311e-07
log_relpop[179]	-0.466491	1.2328e-07
log_relpop[180]	-0.233519	-2.51956e-07
log_relpop[181]	0.5196	-1.2687e-06
log_relpop[182]	0.338653	2.20473e-07
log_relpop[183]	-0.484355	3.24998e-08
log_relpop[184]	-0.494666	-2.30708e-07
log_relpop[185]	-0.166219	5.65432e-07
log_relpop[186]	0.0924562	9.17017e-07
log_relpop[187]	0.400531	-3.15758e-07
log_relpop[188]	0.336593	-7.94052e-07
log_relpop[189]	0.349575	5.6093e-07
log_relpop[190]	0.172469	3.75311e-07
log_relpop[191]	-0.466491	1.2328e-07
log_relpop[192]	-0.233519	-2.51956e-07
log_relpop[193]	0.5196	-1.2687e-06
log_relpop[194]	0.338653	2.20473e-07
log_relpop[195]	-0.484355	3.24998e-08
log_relpop[196]	-0.494666	-2.30708e-07
log_relpop[197]	-0.166219	5.65432e-07
log_relpop[198]	0.0924562	9.17017e-07
log_relpop[199]	0.400531	-3.15758e-07
log_relpop[200]	0.336593	-7.94052e-07
log_relpop[201]	0.349575	5.6093e-07
log_relpop[202]	0.172469	3.75311e-07
log_relpop[203]	-0.466491	1.2328e-07
log_relpop[204]	-0.233519	-2.51956e-07
log_relpop[205]	0.5196	-1.2687e-06
log_relpop[206]	0.338653	2.20473e-07
log_relpop[207]	-0.484355	3.24998e-08
log_relpop[208]	-0.494666	-2.30708e-07
log_relpop[209]	-0.166219	5.65432e-07
log_relpop[210]	0.0924562	9.17017e-07
log_relpop[211]	0.400531	-3.15758e-07
log_relpop[212]	0.336593	-7.94052e-07
log_relpop[213]	0.349575	5.6093e-07
log_relpop[214]	0.172469	3.75311e-07
log_relpop[215]	-0.466491	1.2328e-07
log_relpop[216]	-0.233519	-2.51956e-07
log_relpop[217]	0.5196	-1.2687e-06
log_relpop[218]	0.338653	2.20473e-07
log_relpop[219]	-0.484355	3.24998e-08
log_relpop[220]	-0.494666	-2.30708e-07
log_relpop[221]	-0.166219	5.65432e-07
log_relpop[222]	0.0924562	9.17017e-07
log_relpop[223]	0.400531	-3.15758e-07
log_relpop[224]	0.336593	-7.94052e-07
log_relpop[225]	0.349575	5.6093e-07
log_relpop[226]	0.172469	3.75311e-07
log_relpop[227]	-0.466491	1.2328e-07
log_relpop[228]	-0.233519	-2.51956e-07
log_relpop[229]	0.5196	-1.2687e-06
log_relpop[230]	0.338653	2.20473e-07
log_relpop[231]	-0.484355	3.24998e-08
log_relpop[232]	-0.494666	-2.30708e-07
log_relpop[233]	-0.166219	5.65432e-07
log_relpop[234]	0.0924562	9.17017e-07
log_relpop[235]	0.400531	-3.15758e-07
log_relpop[236]	0.336593	-7.94052e-07
log_relpop[237]	0.349575	5.6093e-07
log_relpop[238]	0.172469	3.75311e-07
log_relpop[239]	-0.466491	1.2328e-07
log_relpop[240]	-0.233519	-2.51956e-07
log_relpop[241]	0.5196	-1.2687e-06
log_relpop[242]	0.338653	2.20473e-07
log_relpop[243]	-0.484355	3.24998e-08
log_relpop[244]	-0.494666	-2.30708e-07
log_relpop[245]	-0.166219	5.65432e-07
log_relpop[246]	0.0924562	9.17017e-07
log_relpop[247]	0.400531	-3.15758e-07
log_relpop[248]	0.336593	-7.94052e-07
log_relpop[249]	0.349575	5.6093e-07
log_relpop[250]	0.172469	3.75311e-07
log_relpop[251]	-0.466491	1.2328e-07
log_relpop[252]	-0.233519	-2.51956e-07
log_relpop[253]	0.5196	-1.2687e-06
log_relpop[254]	0.338653	2.20473e-07
log_relpop[255]	-0.484355	3.24998e-08
log_relpop[256]	-0.494666	-2.30708e-07
log_relpop[257]	-0.166219	5.65432e-07
log_relpop[258]	0.0924562	9.17017e-07
log_relpop[259]	0.400531	-3.15758e-07
log_relpop[260]	0.336593	-7.94052e-07
log_relpop[261]	0.349575	5.6093e-07
log_relpop[262]	0.172469	3.75311e-07
log_relpop[263]	-0.466491	1.2328e-07
log_relpop[264]	-0.233519	-2.51956e-07
log_relpop[265]	0.5196	-1.2687e-06
log_relpop[266]	0.338653	2.20473e-07
log_relpop[267]	-0.484355	3.24998e-08
log_relpop[268]	-0.494666	-2.30708e-07
log_relpop[269]	-0.166219	5.65432e-07
log_relpop[270]	0.0924562	9.17017e-07
log_relpop[271]	0.400531	-3.15758e-07
log_relpop[272]	0.336593	-7.94052e-07
log_relpop[273]	0.349575	5.6093e-07
log_relpop[274]	0.172469	3.75311e-07
log_relpop[275]	-0.466491	1.2328e-07
log_relpop[276]	-0.233519	-2.51956e-07
log_relpop[277]	0.5196	-1.2687e-06
log_relpop[278]	0.338653	2.20473e-07
log_relpop[279]	-0.484355	3.24998e-08
log_relpop[280]	-0.494666	-2.30708e-07
log_relpop[281]	-0.166219	5.65432e-07
log_relpop[282]	0.0924562	9.17017e-07
log_relpop[283]	0.400531	-3.15758e-07
log_relpop[284]	0.336593	-7.94052e-07
log_relpop[285]	0.349575	5.6093e-07
log_relpop[286]	0.172469	3.75311e-07
log_relpop[287]	-0.466491	1.2328e-07
log_relpop[288]	-0.233519	-2.51956e-07
log_relpop[289]	0.5196	-1.2687e-06
log_relpop[290]	0.338653	2.20473e-07
log_relpop[291]	-0.484355	3.24998e-08
log_relpop[292]	-0.494666	-2.30708e-07
log_relpop[293]	-0.166219	5.65432e-07
log_relpop[294]	0.0924562	9.17017e-07
log_relpop[295]	0.400531	-3.15758e-07
log_relpop[296]	0.336593	-7.94052e-07
log_relpop[297]	0.349575	5.6093e-07
log_relpop[298]	0.172469	3.75311e-07
log_relpop[299]	-0.466491	1.2328e-07
log_relpop[300]	-0.233519	-2.51956e-07
log_relpop[301]	0.5196	-1.2687e-06
log_relpop[302]	0.338653	2.20473e-07
log_relpop[303]	-0.484355	3.24998e-08
log_relpop[304]	-0.494666	-2.30708e-07
log_relpop[305]	-0.166219	5.65432e-07
log_relpop[306]	0.0924562	9.17017e-07
log_relpop[307]	0.400531	-3.15758e-07
log_relpop[308]	0.336593	-7.94052e-07
log_relpop[309]	0.349575	5.6093e-07
log_relpop[310]	0.172469	3.75311e-07
log_relpop[311]	-0.466491	1.2328e-07
log_relpop[312]	-0.233519	-2.51956e-07
log_relpop[313]	0.5196	-1.2687e-06
log_relpop[314]	0.338653	2.20473e-07
log_relpop[315]	-0.484355	3.24998e-08
log_relpop[316]	-0.494666	-2.30708e-07
log_relpop[317]	-0.166219	5.65432e-07
log_relpop[318]	0.0924562	9.17017e-07
log_relpop[319]	0.400531	-3.15758e-07
log_relpop[320]	0.336593	-7.94052e-07
log_relpop[321]	0.349575	5.6093e-07
log_relpop[322]	0.172469	3.75311e-07
log_relpop[323]	-0.466491	1.2328e-07
log_relpop[324]	-0.233519	-2.51956e-07
log_relpop[325]	0.5196	-1.2687e-06
log_relpop[326]	0.338653	2.20473e-07
log_relpop[327]	-0.484355	3.24998e-08
log_relpop[328]	-0.494666	-2.30708e-07
log_relpop[329]	-0.166219	5.65432e-07
log_relpop[330]	0.0924562	9.17017e-07
log_relpop[331]	0.400531	-3.15758e-07
log_relpop[332]	0.336593	-7.94052e-07
log_relpop[333]	0.349575	5.6093e-07
log_relpop[334]	0.172469	3.75311e-07
log_relpop[335]	-0.466491	1.2328e-07
log_relpop[336]	-0.233519	-2.51956e-07
log_relpop[337]	0.5196	-1.2687e-06
log_relpop[338]	0.338653	2.20473e-07
log_relpop[339]	-0.484355	3.24998e-08
log_relpop[340]	-0.494666	-2.30708e-07
log_relpop[341]	-0.166219	5.65432e-07
log_relpop[342]	0.0924562	9.17017e-07
log_relpop[343]	0.400531	-3.15758e-07
log_relpop[344]	0.336593	-7.94052e-07
log_relpop[345]	0.349575	5.6093e-07
log_relpop[346]	0.172469	3.75311e-07
log_relpop[347]	-0.466491	1.2328e-07
log_relpop[348]	-0.233519	-2.51956e-07
log_relpop[349]	0.5196	-1.2687e-06
log_relpop[350]	0.338653	2.20473e-07
log_relpop[351]	-0.484355	3.24998e-08
log_relpop[352]	-0.494666	-2.30708e-07
log_relpop[353]	-0.166219	5.65432e-07
log_relpop[354]	0.0924562	9.17017e-07
log_relpop[355]	0.400531	-3.15758e-07
log_relpop[356]	0.336593	-7.94052e-07
log_relpop[357]	0.349575	5.6093e-07
log_relpop[358]	0.172469	3.75311e-07
log_relpop[359]	-0.466491	1.2328e-07
log_relpop[360]	-0.233519	-2.51956e-07
log_relpop[361]	0.5196	-1.2687e-06
log_relpop[362]	0.338653	2.20473e-07
log_relpop[363]	-0.484355	3.24998e-08
log_relpop[364]	-0.494666	-2.30708e-07
log_relpop[365]	-0.166219	5.65432e-07
log_relpop[366]	0.0924562	9.17017e-07
log_relpop[367]	0.400531	-3.15758e-07
log_relpop[368]	0.336593	-7.94052e-07
log_relpop[369]	0.349575	5.6093e-07
log_relpop[370]	0.172469	3.75311e-07
log_relpop[371]	-0.466491	1.2328e-07
log_relpop[372]	-0.233519	-2.51956e-07
log_relpop[373]	0.5196	-1.2687e-06
log_relpop[374]	0.338653	2.20473e-07
log_relpop[375]	-0.484355	3.24998e-08
log_relpop[376]	-0.494666	-2.30708e-07
log_relpop[377]	-0.166219	5.65432e-07
log_relpop[378]	0.0924562	9.17017e-07
log_relpop[379]	0.400531	-3.15758e-07
log_relpop[380]	0.336593	-7.94052e-07
log_relpop[381]	0.349575	5.6093e-07
log_relpop[382]	0.172469	3.75311e-07
log_relpop[383]	-0.466491	1.2328e-07
log_relpop[384]	-0.233519	-2.51956e-07
log_relpop[385]	0.5196	-1.2687e-06
log_relpop[386]	0.338653	2.20473e-07
log_relpop[387]	-0.484355	3.24998e-08
log_relpop[388]	-0.494666	-2.30708e-07
log_relpop[389]	-0.166219	5.65432e-07
log_relpop[390]	0.0924562	9.17017e-07
log_relpop[391]	0.400531	-3.15758e-07
log_relpop[392]	0.336593	-7.94052e-07
log_relpop[393]	0.349575	5.6093e-07
log_relpop[394]	0.172469	3.75311e-07
log_relpop[395]	-0.466491	1.2328e-07
log_relpop[396]	-0.233519	-2.51956e-07
log_relpop[397]	0.5196	-1.2687e-06
log_relpop[398]	0.338653	2.20473e-07
log_relpop[399]	-0.484355	3.24998e-08
log_relpop[400]	-0.494666	-2.30708e-07
log_relpop[401]	-0.166219	5.65432e-07
log_relpop[402]	0.0924562	9.17017e-07
log_relpop[403]	0.400531	-3.15758e-07
log_relpop[404]	0.336593	-7.94052e-07
log_relpop[405]	0.349575	5.6093e-07
log_relpop[406]	0.172469	3.75311e-07
log_relpop[407]	-0.466491	1.2328e-07
log_relpop[408]	-0.233519	-2.51956e-07
log_relpop[409]	0.5196	-1.2687e-06
log_relpop[410]	0.338653	2.20473e-07
log_relpop[411]	-0.484355	3.24998e-08
log_relpop[412]	-0.494666	-2.30708e-07
log_relpop[413]	-0.166219	5.65432e-07
log_relpop[414]	0.0924562	9.17017e-07
log_relpop[415]	0.400531	-3.15758e-07
log_relpop[416]	0.336593	-7.94052e-07
log_relpop[417]	0.349575	5.6093e-07
log_relpop[418]	0.172469	3.75311e-07
log_relpop[419]	-0.466491	1.2328e-07
log_relpop[420]	-0.233519	-2.51956e-07
log_relpop[421]	0.5196	-1.2687e-06
log_relpop[422]	0.338653	2.20473e-07
log_relpop[423]	-0.484355	3.24998e-08
log_relpop[424]	-0.494666	-2.30708e-07
log_relpop[425]	-0.166219	5.65432e-07
log_relpop[426]	0.0924562	9.17017e-07
log_relpop[427]	0.400531	-3.15758e-07
log_relpop[428]	0.336593	-7.94052e-07
log_relpop[429]	0.349575	5.6093e-07
log_relpop[430]	0.172469	3.75311e-07
log_relpop[431]	-0.466491	1.2328e-07
log_relpop[432]	-0.233519	-2.51956e-07
log_relpop[433]	0.5196	-1.2687e-06
log_relpop[434]	0.338653	2.20473e-07
log_relpop[435]	-0.484355	3.24998e-08
log_relpop[436]	-0.494666	-2.30708e-07
log_relpop[437]	-0.166219	5.65432e-07
log_relpop[438]	0.0924562	9.17017e-07
log_relpop[439]	0.400531	-3.15758e-07
log_relpop[440]	0.336593	-7.94052e-07
log_relpop[441]	0.349575	5.6093e-07
log_relpop[442]	0.172469	3.75311e-07
log_relpop[443]	-0.466491	1.2328e-07
log_relpop[444]	-0.233519	-2.51956e-07
log_relpop[445]	0.5196	-1.2687e-06
log_relpop[446]	0.338653	2.20473e-07
log_relpop[447]	-0.484355	3.24998e-08
log_relpop[448]	-0.494666	-2.30708e-07
log_relpop[449]	-0.166219	5.65432e-07
log_relpop[450]	0.0924562	9.17017e-07
log_relpop[451]	0.400531	-3.15758e-07
log_relpop[452]	0.336593	-7.94052e-07
log_relpop[453]	0.349575	5.6093e-07
log_relpop[454]	0.172469	3.75311e-07
log_relpop[455]	-0.466491	1.2328e-07
log_relpop[456]	-0.233519	-2.51956e-07
log_relpop[457]	0.5196	-1.2687e-06
log_relpop[458]	0.338653	2.20473e-07
log_relpop[459]	-0.484355	3.24998e-08
log_relpop[460]	-0.494666	-2.30708e-07
log_relpop[461]	-0.166219	5.65432e-07
log_relpop[462]	0.0924562	9.17017e-07
log_relpop[463]	0.400531	-3.15758e-07
log_relpop[464]	0.336593	-7.94052e-07
log_relpop[465]	0.349575	5.6093e-07
log_relpop[466]	0.172469	3.75311e-07
log_relpop[467]	-0.466491	1.2328e-07
log_relpop[468]	-0.233519	-2.51956e-07
log_relpop[469]	0.5196	-1.2687e-06
log_relpop[470]	0.338653	2.20473e-07
log_relpop[471]	-0.484355	3.24998e-08
log_relpop[472]	-0.494666	-2.30708e-07
log_relpop[473]	-0.166219	5.65432e-07
log_relpop[474]	0.0924562	9.17017e-07
log_relpop[475]	0.400531	-3.15757e-07
log_relpop[476]	0.336593	-7.94051e-07
log_relpop[477]	0.349575	5.6093e-07
log_relpop[478]	0.172469	3.75308e-07
log_relpop[479]	-0.466491	1.2328e-07
log_relpop[480]	-0.233519	-2.51955e-07
log_relpop[481]	0.5196	-1.2687e-06
log_relpop[482]	0.338653	2.20472e-07
log_relpop[483]	-0.484355	3.25007e-08
log_relpop[484]	-0.494666	-2.30709e-07
log_relpop[485]	-0.166219	5.6543e-07
log_relpop[486]	0.0924562	9.1702e-07
log_relpop[487]	0.400531	-3.1575e-07
log_relpop[488]	0.336593	-7.94051e-07
log_relpop[489]	0.349575	5.6093e-07
log_relpop[490]	0.172469	3.75312e-07
log_relpop[491]	-0.466491	1.2328e-07
log_relpop[492]	-0.233519	-2.51954e-07
log_relpop[493]	0.5196	-1.2687e-06
log_relpop[494]	0.338653	2.2047e-07
log_relpop[495]	-0.484355	3.2499e-08
log_relpop[496]	-0.494666	-2.30709e-07
log_relpop[497]	-0.166219	5.65432e-07
log_relpop[498]	0.0924562	9.17021e-07
log_relpop[499]	0.400531	-3.15757e-07
log_relpop[500]	0.336593	-7.94043e-07
log_relpop[501]	0.349575	5.60919e-07
log_relpop[502]	0.172469	3.75311e-07
log_relpop[503]	-0.466491	1.23279e-07
log_relpop[504]	-0.233519	-2.51956e-07
log_relpop[505]	0.5196	-1.26869e-06
log_relpop[506]	0.338653	2.20479e-07
log_relpop[507]	-0.484355	3.25011e-08
log_relpop[508]	-0.494666	-2.3071e-07
log_relpop[509]	-0.166219	5.65428e-07
log_relpop[510]	0.0924562	9.17012e-07
log_relpop[511]	0.400531	-3.15767e-07
log_relpop[512]	0.336593	-7.94074e-07
log_relpop[513]	0.349575	5.60864e-07
log_relpop[514]	0.172469	3.75207e-07
log_relpop[515]	-0.466491	1.23122e-07
log_relpop[516]	-0.233519	-2.52156e-07
log_relpop[517]	0.5196	-1.26891e-06
log_relpop[518]	0.338653	2.19901e-07
log_relpop[519]	-0.484355	3.09852e-08
log_relpop[520]	-0.494666	-2.31987e-07
log_relpop[521]	-0.166219	5.6507e-07
log_relpop[522]	0.0924562	9.17336e-07
log_relpop[523]	0.400531	-3.15191e-07
log_relpop[524]	0.336593	-7.92772e-07
log_relpop[525]	0.349575	5.63739e-07
log_relpop[526]	0.172469	3.79616e-07
log_relpop[527]	-0.466491	1.27083e-07
log_relpop[528]	-0.233519	-2.50232e-07
log_relpop[529]	0.5196	-1.26957e-06
log_relpop[530]	0.338653	2.17514e-07
log_relpop[531]	-0.484355	2.08079e-08
log_relpop[532]	-0.494666	-2.46792e-07
log_relpop[533]	-0.166219	5.70062e-07
log_relpop[534]	0.0924562	9.38519e-07
log_relpop[535]	0.400531	-2.86151e-07
log_relpop[536]	0.336593	-7.3075e-07
log_relpop[537]	0.349575	6.98894e-07
log_relpop[538]	0.172469	5.90314e-07
log_relpop[539]	-0.466491	3.29439e-07
log_relpop[540]	-0.233519	-1.30477e-07
log_relpop[541]	0.5196	-1.26824e-06
log_relpop[542]	0.338653	1.93652e-07
log_relpop[543]	-0.484355	-2.59676e-07
log_relpop[544]	-0.494666	-1.09415e-06
log_relpop[545]	-0.166219	1.61523e-07
log_relpop[546]	0.0924562	1.13091e-06
log_relpop[547]	0.400531	4.66673e-08
log_relpop[548]	0.336593	6.58537e-08
log_relpop[549]	0.349575	2.47322e-06
log_relpop[550]	0.172469	3.3191e-06
log_relpop[551]	-0.466491	2.72757e-06
log_relpop[552]	-0.233519	1.16849e-06
log_relpop[553]	0.5196	-1.12294e-06
log_relpop[554]	0.338653	3.82336e-09
log_relpop[555]	-0.484355	-7.77856e-07
log_relpop[556]	-0.494666	4.74397e-08
log_relpop[557]	-0.166219	7.70908e-07
log_relpop[558]	0.0924559	8.36251e-07
log_relpop[559]	0.400531	-1.31326e-06
log_relpop[560]	0.336591	-1.33441e-06
log_relpop[561]	0.349569	-2.29989e-07
log_relpop[562]	0.172456	-7.1492e-07
log_relpop[563]	-0.466521	-1.54926e-06
log_relpop[564]	-0.233577	-1.16799e-06
log_relpop[565]	0.51948	3.19006e-06
log_relpop[566]	0.338328	-2.99385e-07
log_relpop[567]	-0.485369	2.01398e-06
log_relpop[568]	-0.497847	-1.03198e-06
log_relpop[569]	-0.173672	-7.57287e-08
log_relpop[570]	0.0770164	-2.09904e-06
log_relpop[571]	0.360994	-5.00992e-07
log_relpop[572]	0.226739	2.95207e-06
log_relpop[573]	-0.0340424	3.64354e-06
log_relpop[574]	-0.195883	-3.19809e-06
log_relpop[575]	-1.97152	-2.41807e-08
log_relpop[576]	-0.766092	-1.25393e-05
log_relpop[577]	-0.570249	1.00175e-05
log_relpop[578]	-1.10854	9.06053e-06
log_relpop[579]	-2.99525	1.47392e-07
log_relpop[580]	-4.06726	-1.0266e-07
log_relpop[581]	-5.56075	1.07841e-07
effort_devs[0]	-0.373808	4.32536e-08
effort_devs[1]	-0.0329905	3.59247e-06
effort_devs[2]	0.189694	6.03068e-06
effort_devs[3]	0.160244	-2.38632e-06
effort_devs[4]	0.00113997	-3.53713e-06
effort_devs[5]	0.386978	1.91377e-06
effort_devs[6]	0.374579	1.17797e-06
effort_devs[7]	0.0560044	2.29308e-07
effort_devs[8]	-0.130096	6.98595e-07
effort_devs[9]	-0.29395	3.64281e-07
effort_devs[10]	-0.266356	-3.41387e-07
effort_devs[11]	-0.104125	1.28474e-06
effort_devs[12]	-0.363571	-1.05498e-06
effort_devs[13]	-0.0291414	-9.29769e-07
effort_devs[14]	0.189378	-3.09147e-08
effort_devs[15]	0.160513	-7.15213e-07
effort_devs[16]	0.00113081	-1.08051e-06
effort_devs[17]	0.387094	-2.27192e-06
effort_devs[18]	0.374606	-4.70536e-07
effort_devs[19]	0.0560135	1.87501e-06
effort_devs[20]	-0.130093	1.58996e-06
effort_devs[21]	-0.293949	1.05281e-06
effort_devs[22]	-0.266355	1.08124e-07
effort_devs[23]	-0.104125	2.18594e-06
effort_devs[24]	-0.363571	7.80327e-07
effort_devs[25]	-0.0291413	1.57384e-06
effort_devs[26]	0.189379	1.12139e-06
effort_devs[27]	0.160513	-3.43547e-07
effort_devs[28]	0.00113081	-7.12399e-07
effort_devs[29]	0.387094	-8.96541e-07
effort_devs[30]	0.374606	-2.37918e-06
effort_devs[31]	0.0560135	-9.49847e-07
effort_devs[32]	-0.130093	4.39532e-07
effort_devs[33]	-0.293949	3.36252e-07
effort_devs[34]	-0.266355	-4.63692e-07
effort_devs[35]	-0.104125	1.29723e-06
effort_devs[36]	-0.363571	-8.76663e-07
effort_devs[37]	-0.0291413	-6.33594e-07
effort_devs[38]	0.189378	3.5071e-07
effort_devs[39]	0.160513	-3.53372e-07
effort_devs[40]	0.00113082	-4.35178e-07
effort_devs[41]	0.387094	3.20783e-07
effort_devs[42]	0.374606	-5.77325e-07
effort_devs[43]	0.0560135	3.82327e-08
effort_devs[44]	-0.130093	7.73811e-07
effort_devs[45]	-0.293949	4.62878e-07
effort_devs[46]	-0.266355	-4.40918e-07
effort_devs[47]	-0.104125	1.26699e-06
effort_devs[48]	-0.363571	-9.60833e-07
effort_devs[49]	-0.0291413	-7.50082e-07
effort_devs[50]	0.189378	3.03532e-07
effort_devs[51]	0.160513	-3.58077e-07
effort_devs[52]	0.00113082	-4.2746e-07
effort_devs[53]	0.387094	3.59749e-07
effort_devs[54]	0.374606	-4.76061e-07
effort_devs[55]	0.0560135	1.24084e-07
effort_devs[56]	-0.130093	8.04134e-07
effort_devs[57]	-0.293949	4.76438e-07
effort_devs[58]	-0.266355	-4.35879e-07
effort_devs[59]	-0.104125	1.26988e-06
effort_devs[60]	-0.363571	-9.57686e-07
effort_devs[61]	-0.0291413	-7.46191e-07
effort_devs[62]	0.189378	3.04642e-07
effort_devs[63]	0.160513	-3.57835e-07
effort_devs[64]	0.00113082	-4.27407e-07
effort_devs[65]	0.387094	3.59775e-07
effort_devs[66]	0.374606	-4.76362e-07
effort_devs[67]	0.0560135	1.23855e-07
effort_devs[68]	-0.130093	8.04053e-07
effort_devs[69]	-0.293949	4.76402e-07
effort_devs[70]	-0.266355	-4.3589e-07
effort_devs[71]	-0.104125	1.26988e-06
effort_devs[72]	-0.363571	-9.57691e-07
effort_devs[73]	-0.0291413	-7.46196e-07
effort_devs[74]	0.189378	3.0464e-07
effort_devs[75]	0.160513	-3.57839e-07
effort_devs[76]	0.00113082	-4.27406e-07
effort_devs[77]	0.387094	3.59774e-07
effort_devs[78]	0.374606	-4.76362e-07
effort_devs[79]	0.0560135	1.23855e-07
effort_devs[80]	-0.130093	8.04053e-07
effort_devs[81]	-0.293949	4.764e-07
effort_devs[82]	-0.266355	-4.35892e-07
effort_devs[83]	-0.104125	1.26988e-06
effort_devs[84]	-0.363571	-9.5769e-07
effort_devs[85]	-0.0291413	-7.46196e-07
effort_devs[86]	0.189378	3.04642e-07
effort_devs[87]	0.160513	-3.57834e-07
effort_devs[88]	0.00113082	-4.27409e-07
effort_devs[89]	0.387094	3.59776e-07
effort_devs[90]	0.374606	-4.76362e-07
effort_devs[91]	0.0560135	1.23855e-07
effort_devs[92]	-0.130093	8.04053e-07
effort_devs[93]	-0.293949	4.76401e-07
effort_devs[94]	-0.266355	-4.35892e-07
effort_devs[95]	-0.104125	1.26988e-06
effort_devs[96]	-0.363571	-9.5769e-07
effort_devs[97]	-0.0291413	-7.46196e-07
effort_devs[98]	0.189378	3.04641e-07
effort_devs[99]	0.160513	-3.57836e-07
effort_devs[100]	0.00113082	-4.2741e-07
effort_devs[101]	0.387094	3.59775e-07
effort_devs[102]	0.374606	-4.76362e-07
effort_devs[103]	0.0560135	1.23855e-07
effort_devs[104]	-0.130093	8.04054e-07
effort_devs[105]	-0.293949	4.76401e-07
effort_devs[106]	-0.266355	-4.35891e-07
effort_devs[107]	-0.104125	1.26988e-06
effort_devs[108]	-0.363571	-9.57689e-07
effort_devs[109]	-0.0291413	-7.46196e-07
effort_devs[110]	0.189378	3.04641e-07
effort_devs[111]	0.160513	-3.57838e-07
effort_devs[112]	0.00113082	-4.2741e-07
effort_devs[113]	0.387094	3.59775e-07
effort_devs[114]	0.374606	-4.76362e-07
effort_devs[115]	0.0560135	1.23855e-07
effort_devs[116]	-0.130093	8.04053e-07
effort_devs[117]	-0.293949	4.764e-07
effort_devs[118]	-0.266355	-4.35891e-07
effort_devs[119]	-0.104125	1.26988e-06
effort_devs[120]	-0.363571	-9.5769e-07
effort_devs[121]	-0.0291413	-7.46196e-07
effort_devs[122]	0.189378	3.04641e-07
effort_devs[123]	0.160513	-3.57837e-07
effort_devs[124]	0.00113082	-4.2741e-07
effort_devs[125]	0.387094	3.59775e-07
effort_devs[126]	0.374606	-4.76362e-07
effort_devs[127]	0.0560135	1.23855e-07
effort_devs[128]	-0.130093	8.04053e-07
effort_devs[129]	-0.293949	4.764e-07
effort_devs[130]	-0.266355	-4.35891e-07
effort_devs[131]	-0.104125	1.26988e-06
effort_devs[132]	-0.363571	-9.5769e-07
effort_devs[133]	-0.0291413	-7.46196e-07
effort_devs[134]	0.189378	3.04641e-07
effort_devs[135]	0.160513	-3.57837e-07
effort_devs[136]	0.00113082	-4.2741e-07
effort_devs[137]	0.387094	3.59775e-07
effort_devs[138]	0.374606	-4.76362e-07
effort_devs[139]	0.0560135	1.23855e-07
effort_devs[140]	-0.130093	8.04053e-07
effort_devs[141]	-0.293949	4.764e-07
effort_devs[142]	-0.266355	-4.35891e-07
effort_devs[143]	-0.104125	1.26988e-06
effort_devs[144]	-0.363571	-9.5769e-07
effort_devs[145]	-0.0291413	-7.46196e-07
effort_devs[146]	0.189378	3.04641e-07
effort_devs[147]	0.160513	-3.57837e-07
effort_devs[148]	0.00113082	-4.2741e-07
effort_devs[149]	0.387094	3.59775e-07
effort_devs[150]	0.374606	-4.76362e-07
effort_devs[151]	0.0560135	1.23855e-07
effort_devs[152]	-0.130093	8.04053e-07
effort_devs[153]	-0.293949	4.764e-07
effort_devs[154]	-0.266355	-4.35891e-07
effort_devs[155]	-0.104125	1.26988e-06
effort_devs[156]	-0.363571	-9.5769e-07
effort_devs[157]	-0.0291413	-7.46196e-07
effort_devs[158]	0.189378	3.04641e-07
effort_devs[159]	0.160513	-3.57837e-07
effort_devs[160]	0.00113082	-4.2741e-07
effort_devs[161]	0.387094	3.59775e-07
effort_devs[162]	0.374606	-4.76362e-07
effort_devs[163]	0.0560135	1.23855e-07
effort_devs[164]	-0.130093	8.04053e-07
effort_devs[165]	-0.293949	4.764e-07
effort_devs[166]	-0.266355	-4.35891e-07
effort_devs[167]	-0.104125	1.26988e-06
effort_devs[168]	-0.363571	-9.5769e-07
effort_devs[169]	-0.0291413	-7.46196e-07
effort_devs[170]	0.189378	3.04641e-07
effort_devs[171]	0.160513	-3.57837e-07
effort_devs[172]	0.00113082	-4.2741e-07
effort_devs[173]	0.387094	3.59775e-07
effort_devs[174]	0.374606	-4.76362e-07
effort_devs[175]	0.0560135	1.23855e-07
effort_devs[176]	-0.130093	8.04053e-07
effort_devs[177]	-0.293949	4.764e-07
effort_devs[178]	-0.266355	-4.35891e-07
effort_devs[179]	-0.104125	1.26988e-06
effort_devs[180]	-0.363571	-9.5769e-07
effort_devs[181]	-0.0291413	-7.46196e-07
effort_devs[182]	0.189378	3.04641e-07
effort_devs[183]	0.160513	-3.57837e-07
effort_devs[184]	0.00113082	-4.2741e-07
effort_devs[185]	0.387094	3.59775e-07
effort_devs[186]	0.374606	-4.76362e-07
effort_devs[187]	0.0560135	1.23855e-07
effort_devs[188]	-0.130093	8.04053e-07
effort_devs[189]	-0.293949	4.764e-07
effort_devs[190]	-0.266355	-4.35891e-07
effort_devs[191]	-0.104125	1.26988e-06
effort_devs[192]	-0.363571	-9.5769e-07
effort_devs[193]	-0.0291413	-7.46196e-07
effort_devs[194]	0.189378	3.04641e-07
effort_devs[195]	0.160513	-3.57837e-07
effort_devs[196]	0.00113082	-4.2741e-07
effort_devs[197]	0.387094	3.59775e-07
effort_devs[198]	0.374606	-4.76362e-07
effort_devs[199]	0.0560135	1.23855e-07
effort_devs[200]	-0.130093	8.04053e-07
effort_devs[201]	-0.293949	4.764e-07
effort_devs[202]	-0.266355	-4.35891e-07
effort_devs[203]	-0.104125	1.26988e-06
effort_devs[204]	-0.363571	-9.5769e-07
effort_devs[205]	-0.0291413	-7.46196e-07
effort_devs[206]	0.189378	3.04641e-07
effort_devs[207]	0.160513	-3.57837e-07
effort_devs[208]	0.00113082	-4.2741e-07
effort_devs[209]	0.387094	3.59775e-07
effort_devs[210]	0.374606	-4.76362e-07
effort_devs[211]	0.0560135	1.23855e-07
effort_devs[212]	-0.130093	8.04053e-07
effort_devs[213]	-0.293949	4.764e-07
effort_devs[214]	-0.266355	-4.35891e-07
effort_devs[215]	-0.104125	1.26988e-06
effort_devs[216]	-0.363571	-9.5769e-07
effort_devs[217]	-0.0291413	-7.46196e-07
effort_devs[218]	0.189378	3.04641e-07
effort_devs[219]	0.160513	-3.57837e-07
effort_devs[220]	0.00113082	-4.2741e-07
effort_devs[221]	0.387094	3.59775e-07
effort_devs[222]	0.374606	-4.76362e-07
effort_devs[223]	0.0560135	1.23855e-07
effort_devs[224]	-0.130093	8.04053e-07
effort_devs[225]	-0.293949	4.764e-07
effort_devs[226]	-0.266355	-4.35891e-07
effort_devs[227]	-0.104125	1.26988e-06
effort_devs[228]	-0.363571	-9.5769e-07
effort_devs[229]	-0.0291413	-7.46196e-07
effort_devs[230]	0.189378	3.04641e-07
effort_devs[231]	0.160513	-3.57837e-07
effort_devs[232]	0.00113082	-4.2741e-07
effort_devs[233]	0.387094	3.59775e-07
effort_devs[234]	0.374606	-4.76362e-07
effort_devs[235]	0.0560135	1.23855e-07
effort_devs[236]	-0.130093	8.04053e-07
effort_devs[237]	-0.293949	4.764e-07
effort_devs[238]	-0.266355	-4.35891e-07
effort_devs[239]	-0.104125	1.26988e-06
effort_devs[240]	-0.363571	-9.5769e-07
effort_devs[241]	-0.0291413	-7.46196e-07
effort_devs[242]	0.189378	3.04641e-07
effort_devs[243]	0.160513	-3.57837e-07
effort_devs[244]	0.00113082	-4.2741e-07
effort_devs[245]	0.387094	3.59775e-07
effort_devs[246]	0.374606	-4.76362e-07
effort_devs[247]	0.0560135	1.23855e-07
effort_devs[248]	-0.130093	8.04053e-07
effort_devs[249]	-0.293949	4.764e-07
effort_devs[250]	-0.266355	-4.35891e-07
effort_devs[251]	-0.104125	1.26988e-06
effort_devs[252]	-0.363571	-9.5769e-07
effort_devs[253]	-0.0291413	-7.46196e-07
effort_devs[254]	0.189378	3.04641e-07
effort_devs[255]	0.160513	-3.57837e-07
effort_devs[256]	0.00113082	-4.2741e-07
effort_devs[257]	0.387094	3.59775e-07
effort_devs[258]	0.374606	-4.76362e-07
effort_devs[259]	0.0560135	1.23855e-07
effort_devs[260]	-0.130093	8.04053e-07
effort_devs[261]	-0.293949	4.764e-07
effort_devs[262]	-0.266355	-4.35891e-07
effort_devs[263]	-0.104125	1.26988e-06
effort_devs[264]	-0.363571	-9.5769e-07
effort_devs[265]	-0.0291413	-7.46196e-07
effort_devs[266]	0.189378	3.04641e-07
effort_devs[267]	0.160513	-3.57837e-07
effort_devs[268]	0.00113082	-4.2741e-07
effort_devs[269]	0.387094	3.59775e-07
effort_devs[270]	0.374606	-4.76362e-07
effort_devs[271]	0.0560135	1.23855e-07
effort_devs[272]	-0.130093	8.04053e-07
effort_devs[273]	-0.293949	4.764e-07
effort_devs[274]	-0.266355	-4.35891e-07
effort_devs[275]	-0.104125	1.26988e-06
effort_devs[276]	-0.363571	-9.5769e-07
effort_devs[277]	-0.0291413	-7.46196e-07
effort_devs[278]	0.189378	3.04641e-07
effort_devs[279]	0.160513	-3.57837e-07
effort_devs[280]	0.00113082	-4.2741e-07
effort_devs[281]	0.387094	3.59775e-07
effort_devs[282]	0.374606	-4.76362e-07
effort_devs[283]	0.0560135	1.23855e-07
effort_devs[284]	-0.130093	8.04053e-07
effort_devs[285]	-0.293949	4.764e-07
effort_devs[286]	-0.266355	-4.35891e-07
effort_devs[287]	-0.104125	1.26988e-06
effort_devs[288]	-0.363571	-9.5769e-07
effort_devs[289]	-0.0291413	-7.46196e-07
effort_devs[290]	0.189378	3.04641e-07
effort_devs[291]	0.160513	-3.57837e-07
effort_devs[292]	0.00113082	-4.2741e-07
effort_devs[293]	0.387094	3.59775e-07
effort_devs[294]	0.374606	-4.76362e-07
effort_devs[295]	0.0560135	1.23855e-07
effort_devs[296]	-0.130093	8.04053e-07
effort_devs[297]	-0.293949	4.764e-07
effort_devs[298]	-0.266355	-4.35891e-07
effort_devs[299]	-0.104125	1.26988e-06
effort_devs[300]	-0.363571	-9.5769e-07
effort_devs[301]	-0.0291413	-7.46196e-07
effort_devs[302]	0.189378	3.04641e-07
effort_devs[303]	0.160513	-3.57837e-07
effort_devs[304]	0.00113082	-4.2741e-07
effort_devs[305]	0.387094	3.59775e-07
effort_devs[306]	0.374606	-4.76362e-07
effort_devs[307]	0.0560135	1.23855e-07
effort_devs[308]	-0.130093	8.04053e-07
effort_devs[309]	-0.293949	4.764e-07
effort_devs[310]	-0.266355	-4.35891e-07
effort_devs[311]	-0.104125	1.26988e-06
effort_devs[312]	-0.363571	-9.5769e-07
effort_devs[313]	-0.0291413	-7.46196e-07
effort_devs[314]	0.189378	3.04641e-07
effort_devs[315]	0.160513	-3.57837e-07
effort_devs[316]	0.00113082	-4.2741e-07
effort_devs[317]	0.387094	3.59775e-07
effort_devs[318]	0.374606	-4.76362e-07
effort_devs[319]	0.0560135	1.23855e-07
effort_devs[320]	-0.130093	8.04053e-07
effort_devs[321]	-0.293949	4.764e-07
effort_devs[322]	-0.266355	-4.35891e-07
effort_devs[323]	-0.104125	1.26988e-06
effort_devs[324]	-0.363571	-9.5769e-07
effort_devs[325]	-0.0291413	-7.46196e-07
effort_devs[326]	0.189378	3.04641e-07
effort_devs[327]	0.160513	-3.57837e-07
effort_devs[328]	0.00113082	-4.2741e-07
effort_devs[329]	0.387094	3.59775e-07
effort_devs[330]	0.374606	-4.76362e-07
effort_devs[331]	0.0560135	1.23855e-07
effort_devs[332]	-0.130093	8.04053e-07
effort_devs[333]	-0.293949	4.764e-07
effort_devs[334]	-0.266355	-4.35891e-07
effort_devs[335]	-0.104125	1.26988e-06
effort_devs[336]	-0.363571	-9.5769e-07
effort_devs[337]	-0.0291413	-7.46196e-07
effort_devs[338]	0.189378	3.04641e-07
effort_devs[339]	0.160513	-3.57837e-07
effort_devs[340]	0.00113082	-4.2741e-07
effort_devs[341]	0.387094	3.59775e-07
effort_devs[342]	0.374606	-4.76362e-07
effort_devs[343]	0.0560135	1.23855e-07
effort_devs[344]	-0.130093	8.04053e-07
effort_devs[345]	-0.293949	4.764e-07
effort_devs[346]	-0.266355	-4.35891e-07
effort_devs[347]	-0.104125	1.26988e-06
effort_devs[348]	-0.363571	-9.5769e-07
effort_devs[349]	-0.0291413	-7.46196e-07
effort_devs[350]	0.189378	3.04641e-07
effort_devs[351]	0.160513	-3.57837e-07
effort_devs[352]	0.00113082	-4.2741e-07
effort_devs[353]	0.387094	3.59775e-07
effort_devs[354]	0.374606	-4.76362e-07
effort_devs[355]	0.0560135	1.23855e-07
effort_devs[356]	-0.130093	8.04053e-07
effort_devs[357]	-0.293949	4.764e-07
effort_devs[358]	-0.266355	-4.35891e-07
effort_devs[359]	-0.104125	1.26988e-06
effort_devs[360]	-0.363571	-9.5769e-07
effort_devs[361]	-0.0291413	-7.46196e-07
effort_devs[362]	0.189378	3.04641e-07
effort_devs[363]	0.160513	-3.57837e-07
effort_devs[364]	0.00113082	-4.2741e-07
effort_devs[365]	0.387094	3.59775e-07
effort_devs[366]	0.374606	-4.76362e-07
effort_devs[367]	0.0560135	1.23855e-07
effort_devs[368]	-0.130093	8.04053e-07
effort_devs[369]	-0.293949	4.764e-07
effort_devs[370]	-0.266355	-4.35891e-07
effort_devs[371]	-0.104125	1.26988e-06
effort_devs[372]	-0.363571	-9.5769e-07
effort_devs[373]	-0.0291413	-7.46196e-07
effort_devs[374]	0.189378	3.04641e-07
effort_devs[375]	0.160513	-3.57837e-07
effort_devs[376]	0.00113082	-4.2741e-07
effort_devs[377]	0.387094	3.59775e-07
effort_devs[378]	0.374606	-4.76362e-07
effort_devs[379]	0.0560135	1.23855e-07
effort_devs[380]	-0.130093	8.04053e-07
effort_devs[381]	-0.293949	4.764e-07
effort_devs[382]	-0.266355	-4.35891e-07
effort_devs[383]	-0.104125	1.26988e-06
effort_devs[384]	-0.363571	-9.5769e-07
effort_devs[385]	-0.0291413	-7.46196e-07
effort_devs[386]	0.189378	3.04641e-07
effort_devs[387]	0.160513	-3.57837e-07
effort_devs[388]	0.00113082	-4.2741e-07
effort_devs[389]	0.387094	3.59775e-07
effort_devs[390]	0.374606	-4.76362e-07
effort_devs[391]	0.0560135	1.23855e-07
effort_devs[392]	-0.130093	8.04053e-07
effort_devs[393]	-0.293949	4.764e-07
effort_devs[394]	-0.266355	-4.35891e-07
effort_devs[395]	-0.104125	1.26988e-06
effort_devs[396]	-0.363571	-9.5769e-07
effort_devs[397]	-0.0291413	-7.46196e-07
effort_devs[398]	0.189378	3.04641e-07
effort_devs[399]	0.160513	-3.57837e-07
effort_devs[400]	0.00113082	-4.2741e-07
effort_devs[401]	0.387094	3.59775e-07
effort_devs[402]	0.374606	-4.76362e-07
effort_devs[403]	0.0560135	1.23855e-07
effort_devs[404]	-0.130093	8.04053e-07
effort_devs[405]	-0.293949	4.764e-07
effort_devs[406]	-0.266355	-4.35891e-07
effort_devs[407]	-0.104125	1.26988e-06
effort_devs[408]	-0.363571	-9.5769e-07
effort_devs[409]	-0.0291413	-7.46196e-07
effort_devs[410]	0.189378	3.04641e-07
effort_devs[411]	0.160513	-3.57837e-07
effort_devs[412]	0.00113082	-4.2741e-07
effort_devs[413]	0.387094	3.59775e-07
effort_devs[414]	0.374606	-4.76362e-07
effort_devs[415]	0.0560135	1.23855e-07
effort_devs[416]	-0.130093	8.04053e-07
effort_devs[417]	-0.293949	4.764e-07
effort_devs[418]	-0.266355	-4.35891e-07
effort_devs[419]	-0.104125	1.26988e-06
effort_devs[420]	-0.363571	-9.5769e-07
effort_devs[421]	-0.0291413	-7.46196e-07
effort_devs[422]	0.189378	3.04641e-07
effort_devs[423]	0.160513	-3.57837e-07
effort_devs[424]	0.00113082	-4.2741e-07
effort_devs[425]	0.387094	3.59775e-07
effort_devs[426]	0.374606	-4.76362e-07
effort_devs[427]	0.0560135	1.23855e-07
effort_devs[428]	-0.130093	8.04053e-07
effort_devs[429]	-0.293949	4.764e-07
effort_devs[430]	-0.266355	-4.35891e-07
effort_devs[431]	-0.104125	1.26988e-06
effort_devs[432]	-0.363571	-9.5769e-07
effort_devs[433]	-0.0291413	-7.46196e-07
effort_devs[434]	0.189378	3.04641e-07
effort_devs[435]	0.160513	-3.57837e-07
effort_devs[436]	0.00113082	-4.2741e-07
effort_devs[437]	0.387094	3.59775e-07
effort_devs[438]	0.374606	-4.76362e-07
effort_devs[439]	0.0560135	1.23855e-07
effort_devs[440]	-0.130093	8.04053e-07
effort_devs[441]	-0.293949	4.764e-07
effort_devs[442]	-0.266355	-4.35891e-07
effort_devs[443]	-0.104125	1.26988e-06
effort_devs[444]	-0.363571	-9.5769e-07
effort_devs[445]	-0.0291413	-7.46196e-07
effort_devs[446]	0.189378	3.04641e-07
effort_devs[447]	0.160513	-3.57837e-07
effort_devs[448]	0.00113082	-4.2741e-07
effort_devs[449]	0.387094	3.59775e-07
effort_devs[450]	0.374606	-4.76362e-07
effort_devs[451]	0.0560135	1.23855e-07
effort_devs[452]	-0.130093	8.04053e-07
effort_devs[453]	-0.293949	4.764e-07
effort_devs[454]	-0.266355	-4.35891e-07
effort_devs[455]	-0.104125	1.26988e-06
effort_devs[456]	-0.363571	-9.5769e-07
effort_devs[457]	-0.0291413	-7.46196e-07
effort_devs[458]	0.189378	3.04641e-07
effort_devs[459]	0.160513	-3.57837e-07
effort_devs[460]	0.00113082	-4.2741e-07
effort_devs[461]	0.387094	3.59775e-07
effort_devs[462]	0.374606	-4.76362e-07
effort_devs[463]	0.0560135	1.23855e-07
effort_devs[464]	-0.130093	8.04053e-07
effort_devs[465]	-0.293949	4.764e-07
effort_devs[466]	-0.266355	-4.35891e-07
effort_devs[467]	-0.104125	1.26988e-06
effort_devs[468]	-0.363571	-9.5769e-07
effort_devs[469]	-0.0291413	-7.46196e-07
effort_devs[470]	0.189378	3.04641e-07
effort_devs[471]	0.160513	-3.57837e-07
effort_devs[472]	0.00113082	-4.2741e-07
effort_devs[473]	0.387094	3.59775e-07
effort_devs[474]	0.374606	-4.76362e-07
effort_devs[475]	0.0560135	1.23855e-07
effort_devs[476]	-0.130093	8.04053e-07
effort_devs[477]	-0.293949	4.764e-07
effort_devs[478]	-0.266355	-4.35891e-07
effort_devs[479]	-0.104125	1.26988e-06
effort_devs[480]	-0.363571	-9.5769e-07
effort_devs[481]	-0.0291413	-7.46197e-07
effort_devs[482]	0.189378	3.04641e-07
effort_devs[483]	0.160513	-3.57837e-07
effort_devs[484]	0.00113082	-4.2741e-07
effort_devs[485]	0.387094	3.59775e-07
effort_devs[486]	0.374606	-4.76362e-07
effort_devs[487]	0.0560135	1.23855e-07
effort_devs[488]	-0.130093	8.04053e-07
effort_devs[489]	-0.293949	4.76402e-07
effort_devs[490]	-0.266355	-4.3589e-07
effort_devs[491]	-0.104125	1.26988e-06
effort_devs[492]	-0.363571	-9.5769e-07
effort_devs[493]	-0.0291413	-7.46196e-07
effort_devs[494]	0.189378	3.04641e-07
effort_devs[495]	0.160513	-3.57836e-07
effort_devs[496]	0.00113082	-4.27412e-07
effort_devs[497]	0.387094	3.59775e-07
effort_devs[498]	0.374606	-4.76362e-07
effort_devs[499]	0.0560135	1.23855e-07
effort_devs[500]	-0.130093	8.04053e-07
effort_devs[501]	-0.293949	4.76403e-07
effort_devs[502]	-0.266355	-4.35888e-07
effort_devs[503]	-0.104125	1.26988e-06
effort_devs[504]	-0.363571	-9.57692e-07
effort_devs[505]	-0.0291413	-7.46196e-07
effort_devs[506]	0.189378	3.04641e-07
effort_devs[507]	0.160513	-3.57833e-07
effort_devs[508]	0.00113082	-4.27409e-07
effort_devs[509]	0.387094	3.59775e-07
effort_devs[510]	0.374606	-4.7636e-07
effort_devs[511]	0.0560135	1.23861e-07
effort_devs[512]	-0.130093	8.04065e-07
effort_devs[513]	-0.293949	4.76423e-07
effort_devs[514]	-0.266355	-4.35848e-07
effort_devs[515]	-0.104125	1.26997e-06
effort_devs[516]	-0.363571	-9.57506e-07
effort_devs[517]	-0.0291413	-7.45882e-07
effort_devs[518]	0.189378	3.05007e-07
effort_devs[519]	0.160513	-3.57367e-07
effort_devs[520]	0.00113082	-4.26533e-07
effort_devs[521]	0.387094	3.63157e-07
effort_devs[522]	0.374606	-4.72567e-07
effort_devs[523]	0.0560135	1.25502e-07
effort_devs[524]	-0.130093	8.0376e-07
effort_devs[525]	-0.293949	4.752e-07
effort_devs[526]	-0.266355	-4.38126e-07
effort_devs[527]	-0.104125	1.2653e-06
effort_devs[528]	-0.363571	-9.66742e-07
effort_devs[529]	-0.0291413	-7.58256e-07
effort_devs[530]	0.189378	3.00794e-07
effort_devs[531]	0.160513	-3.5631e-07
effort_devs[532]	0.00113082	-4.22473e-07
effort_devs[533]	0.387094	3.7965e-07
effort_devs[534]	0.374606	-4.38491e-07
effort_devs[535]	0.0560135	1.35581e-07
effort_devs[536]	-0.130093	7.67815e-07
effort_devs[537]	-0.293949	4.10366e-07
effort_devs[538]	-0.266355	-5.46963e-07
effort_devs[539]	-0.104125	1.04476e-06
effort_devs[540]	-0.363571	-1.40193e-06
effort_devs[541]	-0.0291413	-1.35383e-06
effort_devs[542]	0.189378	5.14521e-08
effort_devs[543]	0.160513	-3.75991e-07
effort_devs[544]	0.00113082	-3.60899e-07
effort_devs[545]	0.387094	6.83164e-07
effort_devs[546]	0.374606	1.1711e-06
effort_devs[547]	0.0560135	1.63385e-06
effort_devs[548]	-0.130093	7.24006e-07
effort_devs[549]	-0.293949	-2.7658e-07
effort_devs[550]	-0.266355	-1.93076e-06
effort_devs[551]	-0.104125	-1.83262e-06
effort_devs[552]	-0.363571	-7.11748e-06
effort_devs[553]	-0.0291414	-9.02334e-06
effort_devs[554]	0.189378	-2.72e-06
effort_devs[555]	0.160513	-6.71603e-07
effort_devs[556]	0.00113083	-4.04751e-08
effort_devs[557]	0.387094	2.41579e-06
effort_devs[558]	0.374606	-1.18949e-07
effort_devs[559]	0.0560137	-3.93389e-07
effort_devs[560]	-0.130092	6.24821e-07
effort_devs[561]	-0.293948	4.2003e-07
effort_devs[562]	-0.266352	-1.99897e-07
effort_devs[563]	-0.104115	2.28158e-06
effort_devs[564]	-0.363552	1.28768e-06
effort_devs[565]	-0.0290964	2.47416e-06
effort_devs[566]	0.189477	2.36886e-06
effort_devs[567]	0.160741	5.10684e-07
effort_devs[568]	0.00163003	-2.92306e-06
effort_devs[569]	0.389317	1.60814e-06
effort_devs[570]	0.380909	-7.35696e-06
effort_devs[571]	0.0677944	4.86988e-06
effort_devs[572]	-0.100187	3.82885e-06
effort_devs[573]	-0.224722	-3.38617e-07
effort_devs[574]	-0.0715782	2.00041e-06
effort_devs[575]	0.483036	-1.36418e-06
